500
500
225
235
src/Gameplay/Images/wall.png
3
63
30
10
33
63
30
10
63
63
30
10
93
63
30
10
123
63
30
10
153
63
30
10
183
63
30
10
213
63
30
10
243
63
30
10
273
63
30
10
303
63
30
10
333
63
30
10
363
63
30
10
393
63
30
10
423
63
30
10
453
63
30
10
483
63
10
30
483
93
10
30
483
123
10
30
483
153
10
30
483
183
10
30
483
213
10
30
483
243
10
30
483
273
10
30
483
303
10
30
483
333
10
30
483
363
10
30
483
393
10
30
483
423
10
30
483
453
10
30
3
63
10
30
3
93
10
30
3
123
10
30
3
153
10
30
3
183
10
30
3
213
10
30
3
243
10
30
3
273
10
30
3
303
10
30
3
333
10
30
3
363
10
30
3
393
10
30
3
423
10
30
3
453
10
30
13
473
30
10
43
473
30
10
73
473
30
10
103
473
30
10
133
473
30
10
163
473
30
10
193
473
30
10
223
473
30
10
253
473
30
10
283
473
30
10
313
473
30
10
343
473
30
10
373
473
30
10
403
473
30
10
433
473
30
10
463
473
30
10
160
190
30
10
190
190
30
10
220
190
30
10
250
190
30
10
280
190
30
10
310
190
10
30
160
190
10
30
160
290
30
10
190
290
30
10
220
290
30
10
250
290
30
10
280
290
30
10
160
290
10
30
310
290
10
30
53
110
10
30
53
140
10
30
53
170
10
30
53
200
10
30
53
270
10
30
53
300
10
30
53
330
10
30
53
360
10
30
53
110
30
10
83
110
30
10
53
430
30
10
73
430
30
10
103
430
30
10
133
430
30
10
103
170
10
30
103
200
10
30
103
230
10
30
103
260
10
30
103
290
10
30
103
320
10
30
170
130
30
10
200
130
30
10
230
130
30
10
235
110
10
30
260
130
30
10
280
130
30
10
380
110
30
10
400
110
30
10
430
110
10
30
430
140
10
30
430
170
10
30
430
200
10
30
430
270
10
30
430
300
10
30
430
330
10
30
430
360
10
30
380
170
10
30
380
200
10
30
380
230
10
30
380
260
10
30
380
290
10
30
380
320
10
30
170
370
30
10
200
370
30
10
230
370
30
10
235
380
10
30
235
410
10
30
260
370
30
10
280
370
30
10
320
430
30
10
350
430
30
10
380
430
30
10
410
430
30
10